  0.058881420409709805  
  0.06886477049986041   
  0.13105155708085842   
  0.16428592830446817   
  0.179955718765538     
  0.18323311199994968   
  0.20995083834653117   
  0.21120696568078545   
  0.23770162303653364   
  0.27513308465344183   
  0.2772196587285312    
  0.2935716294349389    
  0.29742395778044894   
  0.30895264289838664   
  0.31196510511404063   
  0.3193275969431954    
  0.32838491884307364   
  0.32894541343395783   
  0.3303782341078564    
  0.3324874772839543    
  0.3362451557146905    
  0.3416660047074048    
  0.34570660230679084   
  0.3522172994876583    
  0.3532617814733283    
  0.35797701715727176   
  0.3591888945409738    
  0.3616004649596915    
  0.3736144692453774    
  0.3736271116434605    
  0.3789120929755548    
  0.39730174764122106   
  0.40901785316615685   
  0.4134057689015326    
  0.4239542488659698    
  0.4798633240734938    
  0.4941499075142937    
  0.507439502963649     
  0.5087688664990901    
  0.5187079004763442    
  0.5201083661586109    
  0.5384917632979619    
  0.5651887648100151    
  0.5772615101850367    
  0.577784955130386     
  0.5855643508895129    
  0.5896879529289114    
  0.5911200229220294    
  0.5924051286996533    
  0.5959189354214751    
  0.5986315002157978    
  0.6046922354054932    
  0.6086940276379064    
  0.6127544819789156    
  0.6175306007517697    
  0.642298402528042     
  0.6431729332210211    
  0.6465204304546709    
  0.6475935183803088    
  0.6640508940465281    
  0.667017544563476     
  0.6700415575785454    
  0.6767403510677726    
  0.6791023564367644    
  0.6791301776685276    
  0.6866488231047084    
  0.7117722404791874    
  0.7142300271539651    
  0.7290943008738642    
  0.7374106592841237    
  0.7398343498389874    
  0.7723387978948998    
  0.7898635381630099    
  0.7965923893486407    
  0.7981976895398656    
  0.7991380436107605    
  0.80270604999067      
  0.8102614001821861    
  0.8105295153167293    
  0.8131128643274859    
  0.8131999963218133    
  0.8261714491469714    
  0.8287003387204289    
  0.8817172390040391    
  0.8922083461001815    
  0.8954213888293069    
  0.9223009066534025    
  0.9232274129024777    
  0.9336214033494552    
  0.9463847608864895    
  0.9530691389140546    
  0.9654971898394494    
  0.978375784779111     
  0.979943583600282     
  0.9818072047094782    
  1.0116344876014847    
  1.0207542331013928    
  1.0275616120099897    
  1.0300408760154731    
  1.0302930588754196    
  1.060413595136021     
  1.0619670285650316    
  1.0634693369290698    
  1.0831106403449224    
  1.1017420121502217    
  1.115241373611836     
  1.1191944410092882    
  1.1376085540256062    
  1.1464225313977836    
  1.187207814668739     
  1.191520774613698     
  1.2111212491335175    
  1.2119867563510653    
  1.2120685966588296    
  1.2135018547993737    
  1.218822808933902     
  1.219744812595508     
  1.2279732297910517    
  1.2466864409430318    
  1.2513455535079363    
  1.281386449320498     
  1.2960547166200231    
  1.3091704847401662    
  1.3343253976898073    
  1.3576342461391997    
  1.362544934667953     
  1.3652220231244239    
  1.379457739989089     
  1.3864049563326437    
  1.399207220828737     
  1.409780827180396     
  1.4399311679314253    
  1.4422026514233763    
  1.4668956709672298    
  1.4740780966378217    
  1.4741293653529406    
  1.4804569738495106    
  1.4848311285032665    
  1.5053602898528855    
  1.5468471779945148    
  1.5738106486375716    
  1.581723168554069     
  1.6084514701333845    
  1.6220756325826469    
  1.6245198599166377    
  1.6266497384738499    
  1.6310198921076091    
  1.6347485970199997    
  1.6427298963163002    
  1.6442272836966552    
  1.6529373896380992    
  1.6565312231605704    
  1.6571185111406581    
  1.6637892896436235    
  1.6836514669648346    
  1.7256285049414837    
  1.7411934343127629    
  1.7709345643696126    
  1.8344643326266417    
  1.8596460048550252    
  1.8629475874237025    
  1.884751872083526     
  1.8953057763420618    
  1.9838271804585594    
  2.024265591083545     
  2.0369894123176184    
  2.061324103268244     
  2.076479171670886     
  2.082319330919428     
  2.136263276146907     
  2.1827518732621893    
  2.2653260703126925    
  2.2750447894468566    
  2.2883187016864808    
  2.330592410583458     
  2.370256305435435     
  2.3739142688090498    
  2.390549865795031     
  2.3935710678635957    
  2.413551190420064     
  2.4156932198094943    
  2.5073975160147857    
  2.575748693188786     
  2.6159875079283084    
  2.6207409811747624    
  2.6310714516577476    
  2.699965658020339     
  2.7497904529258883    
  2.7559862813685703    
  2.7647987358164214    
  2.801938260347598     
  2.8145112867312747    
  2.8516029764691164    
  2.884398752511524     
  2.9244867716933176    
  2.9783277768734893    
  2.9890453379525175    
  2.9978376042390966    
  3.0062050913667995    
  3.0572069211277366    
  3.0628765427394953    
  3.0800052877583686    
  3.0966000249664964    
  3.122081748363849     
  3.1317132756124844    
  3.160336094303269     
  3.186799423384516     
  3.209832521402597     
  3.2320848478110746    
  3.3053032063969257    
  3.3124208151911776    
  3.3552838173513146    
  3.3690460931062347    
  3.3883205780682304    
  3.4193492940350905    
  3.452669137873194     
  3.4553659014303846    
  3.4652297177315545    
  3.5364465310417694    
  3.5592248476060067    
  3.560840893821566     
  3.587320235362054     
  3.6048790508875412    
  3.6302787790843256    
  3.6308603373831465    
  3.6710497251137157    
  3.6884737563668315    
  3.722402184251936     
  3.785038656797344     
  3.7892306277340713    
  3.810891086668694     
  3.8210300497994703    
  3.842645245224501     
  3.8814634418034593    
  3.934120526097917     
  3.9945433783306936    
  4.0067939927914615    
  4.036985287969438     
  4.052978572278316     
  4.056613084212284     
  4.057156815951909     
  4.066396101287324     
  4.104756538659337     
  4.19408006530574      
  4.2152435545606       
  4.235633381908979     
  4.252760148765885     
  4.25476889750971      
  4.277836493444441     
  4.2780783000473726    
  4.3000631292694695    
  4.3026591135781365    
  4.433514171186657     
  4.451400238957265     
  4.4661550427833525    
  4.477435045192798     
  4.55655859220486      
  4.558421034675768     
  4.563324831935825     
  4.575499908279107     
  4.6306178984764585    
  4.676652433334013     
  4.688788110297655     
  4.698439098158876     
  4.736535292985803     
  4.738294097915015     
  4.79016343785124      
  4.808244506080348     
  4.836276185774599     
  4.92898035346583      
  4.936196851387925     
  4.954466686456261     
  4.954591576956613     
  4.961495698251792     
  4.981190162619099     
  4.995484583500004     
  5.069559791612006     
  5.0755938133551375    
  5.088359861520697     
  5.114275714020277     
  5.1634144437471905    
  5.197520602585896     
  5.212824840082692     
  5.228828690930597     
  5.236078469430874     
  5.253966313163583     
  5.276967939773335     
  5.365537756827904     
  5.369757296923828     
  5.431443237173665     
  5.450031537631979     
  5.487881724823618     
  5.554057622004906     
  5.6047850847619545    
  5.639656012334592     
  5.649860634946046     
  5.654761835175076     
  5.6934346211249265    
  5.706960657869279     
  5.715575961679195     
  5.737697719161311     
  5.742537112245535     
  5.780249269107919     
  5.833429755332323     
  5.837410615175076     
  5.897415381205066     
  5.929075566384871     
  5.932821875768792     
  5.953879504027185     
  5.959350257176925     
  6.021117176938599     
  6.0635571775580255    
  6.089201119347729     
  6.107059733367132     
  6.183507887943123     
  6.184499325700864     
  6.2150976929395485    
  6.337306209613969     
  6.387659017087349     
  6.397456834643242     
  6.407900173141429     
  6.42902249844782      
  6.46612479226057      
  6.491970597055034     
  6.583489480284946     
  6.601691668061296     
  6.638926798044081     
  6.648612933780184     
  6.684447744497026     
  6.705816846316046     
  6.708909782764308     
  6.718796627206798     
  6.744326179047093     
  6.752685409598423     
  6.79098252738987      
  6.832341920141359     
  6.873414650610304     
  6.874793050837297     
  6.9214243563406335    
  6.976216309716227     
